0 1
0.01 1
0.02 1
0.029999999999999999 1
0.040000000000000001 1
0.050000000000000003 1
0.060000000000000005 1
0.070000000000000007 1
0.080000000000000002 1
0.089999999999999997 1
0.099999999999999992 1
0.10999999999999999 1
0.11999999999999998 2
0.12999999999999998 2
0.13999999999999999 2
0.14999999999999999 2
0.16 2
0.17000000000000001 2
0.18000000000000002 2
0.19000000000000003 2
0.20000000000000004 2
0.21000000000000005 2
0.22000000000000006 2
0.23000000000000007 2
0.24000000000000007 4
0.25000000000000006 4
0.26000000000000006 4
0.27000000000000007 4
0.28000000000000008 4
0.29000000000000009 4
0.3000000000000001 4
0.31000000000000011 4
0.32000000000000012 4
0.33000000000000013 4
0.34000000000000014 4
0.35000000000000014 7
0.36000000000000015 8
0.37000000000000016 8
0.38000000000000017 8
0.39000000000000018 8
0.40000000000000019 8
0.4100000000000002 8
0.42000000000000021 8
0.43000000000000022 8
0.44000000000000022 8
0.45000000000000023 8
0.46000000000000024 8
0.47000000000000025 16
0.48000000000000026 16
0.49000000000000027 16
0.50000000000000022 16
0.51000000000000023 16
0.52000000000000024 16
0.53000000000000025 16
0.54000000000000026 16
0.55000000000000027 16
0.56000000000000028 16
0.57000000000000028 16
0.58000000000000029 23
0.5900000000000003 24
0.60000000000000031 32
0.61000000000000032 32
0.62000000000000033 32
0.63000000000000034 32
0.64000000000000035 32
0.65000000000000036 32
0.66000000000000036 32
0.67000000000000037 32
0.68000000000000038 32
0.69000000000000039 32
0.7000000000000004 32
0.71000000000000041 32
0.72000000000000042 32
0.73000000000000043 32.4964
0.74000000000000044 32.4964
0.75000000000000044 16
0.76000000000000045 16
0.77000000000000046 16
0.78000000000000047 16
0.79000000000000048 16
0.80000000000000049 16
0.8100000000000005 16
0.82000000000000051 16
0.83000000000000052 16
0.84000000000000052 16
0.85000000000000053 16
0.86000000000000054 16
0.87000000000000055 16
0.88000000000000056 16
0.89000000000000057 16
0.90000000000000058 16
0.91000000000000059 16
0.9200000000000006 16
0.9300000000000006 16
0.94000000000000061 16
0.95000000000000062 16
0.96000000000000063 16
0.97000000000000064 16
0.98000000000000065 1
0.99000000000000066 1
1.0000000000000007 1
1.0100000000000007 1
1.0200000000000007 1
1.0300000000000007 1
1.0400000000000007 1
1.0500000000000007 1
1.0600000000000007 1
1.0700000000000007 1
1.0800000000000007 1
1.0900000000000007 1
1.1000000000000008 2
1.1100000000000008 2
1.1200000000000008 2
1.1300000000000008 2
1.1400000000000008 2
1.1500000000000008 2
1.1600000000000008 2
1.1700000000000008 2
1.1800000000000008 2
1.1900000000000008 2
1.2000000000000008 2
1.2100000000000009 2
1.2200000000000009 3
1.2300000000000009 3
1.2400000000000009 3
1.2500000000000009 3
1.2600000000000009 3
1.2700000000000009 3
1.2800000000000009 3
1.2900000000000009 3
1.3000000000000009 3
1.3100000000000009 3
1.320000000000001 3
1.330000000000001 5
1.340000000000001 5
1.350000000000001 5
1.360000000000001 5
1.370000000000001 5
1.380000000000001 5
1.390000000000001 5
1.400000000000001 5
1.410000000000001 5
1.420000000000001 5
1.430000000000001 5
1.4400000000000011 5
1.4500000000000011 8
1.4600000000000011 8
1.4700000000000011 8
1.4800000000000011 8
1.4900000000000011 8
1.5000000000000011 8
1.5100000000000011 8
1.5200000000000011 8
1.5300000000000011 8
1.5400000000000011 8
1.5500000000000012 8
1.5600000000000012 8.36932
1.5700000000000012 8.4888
1.5800000000000012 8.4888
1.5900000000000012 8.4888
1.6000000000000012 8.4888
1.6100000000000012 8.4888
1.6200000000000012 8.4888
1.6300000000000012 8.4888
1.6400000000000012 8.4888
1.6500000000000012 8.4888
1.6600000000000013 8.4888
1.6700000000000013 8.4888
1.6800000000000013 9.49592
1.6900000000000013 9.49592
1.7000000000000013 9.49592
1.7100000000000013 9.49592
1.7200000000000013 9.49592
1.7300000000000013 9.49592
1.7400000000000013 9.49592
1.7500000000000013 9.49592
1.7600000000000013 9.49592
1.7700000000000014 9.49592
1.7800000000000014 9.49592
1.7900000000000014 9.60123
1.8000000000000014 4.80062
1.8100000000000014 4.80062
1.8200000000000014 4.80062
1.8300000000000014 4.80062
1.8400000000000014 4.80062
1.8500000000000014 4.80062
1.8600000000000014 4.80062
1.8700000000000014 4.80062
1.8800000000000014 4.80062
1.8900000000000015 4.80062
1.9000000000000015 4.80062
1.9100000000000015 5.00892
1.9200000000000015 5.00892
1.9300000000000015 5.00892
1.9400000000000015 5.00892
1.9500000000000015 5.00892
1.9600000000000015 5.00892
1.9700000000000015 5.00892
1.9800000000000015 5.00892
1.9900000000000015 5.00892
2.0000000000000013 5.00892
2.0100000000000011 5.00892
2.0200000000000009 5.00892
2.0300000000000007 5.93822
2.0400000000000005 5.93822
2.0500000000000003 5.93822
2.0600000000000001 5.93822
2.0699999999999998 5.93822
2.0799999999999996 5.93822
2.0899999999999994 5.93822
2.0999999999999992 5.93822
2.109999999999999 5.93822
2.1199999999999988 5.93822
2.1299999999999986 5.93822
2.1399999999999983 6.73723
2.1499999999999981 6.73723
2.1599999999999979 6.73723
2.1699999999999977 6.73723
2.1799999999999975 6.73723
2.1899999999999973 6.73723
2.1999999999999971 6.73723
2.2099999999999969 6.73723
2.2199999999999966 6.73723
2.2299999999999964 6.73723
2.2399999999999962 6.73723
2.249999999999996 6.73723
2.2599999999999958 7.58352
2.2699999999999956 7.58352
2.2799999999999954 7.58352
2.2899999999999952 7.58352
2.2999999999999949 7.58352
2.3099999999999947 7.58352
2.3199999999999945 7.58352
2.3299999999999943 7.58352
2.3399999999999941 7.58352
2.3499999999999939 7.58352
2.3599999999999937 7.58352
2.3699999999999934 7.58352
2.3799999999999932 8.46288
2.389999999999993 8.46288
2.3999999999999928 8.46288
2.4099999999999926 8.46288
2.4199999999999924 8.46288
2.4299999999999922 8.46288
2.439999999999992 8.46288
2.4499999999999917 8.46288
2.4599999999999915 8.46288
2.4699999999999913 8.46288
2.4799999999999911 8.46288
2.4899999999999909 9.14871
2.4999999999999907 9.36603
2.5099999999999905 9.36603
2.5199999999999902 9.36603
2.52999999999999 9.36603
2.5399999999999898 9.36603
2.5499999999999896 9.36603
2.5599999999999894 9.36603
2.5699999999999892 9.36603
2.579999999999989 9.36603
2.5899999999999888 9.36603
2.5999999999999885 9.36603
2.6099999999999883 10.2867
2.6199999999999881 10.2867
2.6299999999999879 10.2867
2.6399999999999877 10.2867
2.6499999999999875 10.2867
2.6599999999999873 10.2867
2.6699999999999871 10.2867
2.6799999999999868 10.2867
2.6899999999999866 10.2867
2.6999999999999864 10.2867
2.7099999999999862 10.2867
2.719999999999986 10.2867
2.7299999999999858 11.2207
2.7399999999999856 11.2207
2.7499999999999853 11.2207
2.7599999999999851 11.2207
2.7699999999999849 11.2207
2.7799999999999847 11.2207
2.7899999999999845 11.2207
2.7999999999999843 11.2207
2.8099999999999841 11.2207
2.8199999999999839 11.2207
2.8299999999999836 11.2207
2.8399999999999834 11.2207
2.8499999999999832 11.573
2.859999999999983 12.1649
2.8699999999999828 12.1649
2.8799999999999826 12.1649
2.8899999999999824 12.1649
2.8999999999999821 12.1649
2.9099999999999819 12.1649
2.9199999999999817 12.1649
2.9299999999999815 12.1649
2.9399999999999813 12.1649
2.9499999999999811 12.1649
2.9599999999999809 12.1649
2.9699999999999807 12.8077
2.9799999999999804 13.1172
2.9899999999999802 13.1172
2.99999999999998 13.1172
3.0099999999999798 13.1172
3.0199999999999796 13.1172
3.0299999999999794 13.1172
3.0399999999999792 13.1172
3.049999999999979 13.1172
3.0599999999999787 13.1172
3.0699999999999785 13.1172
3.0799999999999783 13.1172
3.0899999999999781 13.9327
3.0999999999999779 14.0759
3.1099999999999777 14.0759
3.1199999999999775 14.0759
3.1299999999999772 14.0759
3.139999999999977 14.0759
3.1499999999999768 14.0759
3.1599999999999766 14.0759
3.1699999999999764 14.0759
3.1799999999999762 14.0759
3.189999999999976 14.0759
3.1999999999999758 14.0759
3.2099999999999755 7.31728
3.2199999999999753 7.31728
3.2299999999999751 7.31728
3.2399999999999749 7.31728
3.2499999999999747 7.31728
3.2599999999999745 7.31728
3.2699999999999743 7.31728
3.279999999999974 7.31728
3.2899999999999738 7.31728
3.2999999999999736 7.31728
3.3099999999999734 7.31728
3.3199999999999732 7.31728
3.329999999999973 7.45394
3.3399999999999728 7.45394
3.3499999999999726 7.45394
3.3599999999999723 7.45394
3.3699999999999721 7.45394
3.3799999999999719 7.45394
3.3899999999999717 7.45394
3.3999999999999715 7.45394
3.4099999999999713 7.45394
3.4199999999999711 7.45394
3.4299999999999708 7.45394
3.4399999999999706 7.45394
3.4499999999999704 7.45394
3.4599999999999702 7.45394
3.46999999999997 7.45394
3.4799999999999698 7.45394
3.4899999999999696 7.45394
3.4999999999999694 7.45394
3.5099999999999691 7.45394
3.5199999999999689 7.45394
3.5299999999999687 1
3.5399999999999685 1
3.5499999999999683 1
3.5599999999999681 1
3.5699999999999679 1
3.5799999999999677 1
3.5899999999999674 1
3.5999999999999672 1
3.609999999999967 1
3.6199999999999668 1
3.6299999999999666 1
3.6399999999999664 1
3.6499999999999662 2
3.6599999999999659 2
3.6699999999999657 2
3.6799999999999655 2
3.6899999999999653 2
3.6999999999999651 2
3.7099999999999649 2
3.7199999999999647 2
3.7299999999999645 2
3.7399999999999642 2
3.749999999999964 2
3.7599999999999638 2
3.7699999999999636 2
3.7799999999999634 3.33333
3.7899999999999632 3.33333
3.799999999999963 3.33333
3.8099999999999627 3.33333
3.8199999999999625 3.33333
3.8299999999999623 3.33333
3.8399999999999621 3.33333
3.8499999999999619 3.33333
3.8599999999999617 3.33333
3.8699999999999615 3.33333
3.8799999999999613 3.33333
3.889999999999961 3.33333
3.8999999999999608 4.16441
3.9099999999999606 4.16441
3.9199999999999604 4.16441
3.9299999999999602 4.16441
3.93999999999996 4.16441
3.9499999999999598 4.16441
3.9599999999999596 4.16441
3.9699999999999593 4.16441
3.9799999999999591 4.16441
3.9899999999999589 4.16441
3.9999999999999587 4.16441
4.0099999999999589 4.16441
4.0199999999999587 5.05378
4.0299999999999585 5.05378
4.0399999999999583 5.05378
4.0499999999999581 5.05378
4.0599999999999579 5.05378
4.0699999999999577 5.05378
4.0799999999999574 5.05378
4.0899999999999572 5.05378
4.099999999999957 5.05378
4.1099999999999568 5.05378
4.1199999999999566 5.05378
4.1299999999999564 5.05378
4.1399999999999562 5.97588
4.1499999999999559 5.97588
4.1599999999999557 5.97588
4.1699999999999555 5.97588
4.1799999999999553 5.97588
4.1899999999999551 5.97588
4.1999999999999549 5.97588
4.2099999999999547 5.97588
4.2199999999999545 5.97588
4.2299999999999542 5.97588
4.239999999999954 5.97588
4.2499999999999538 5.97588
4.2599999999999536 6.77034
4.2699999999999534 6.77034
4.2799999999999532 6.77034
4.289999999999953 6.77034
4.2999999999999527 6.77034
4.3099999999999525 6.77034
4.3199999999999523 6.77034
4.3299999999999521 6.77034
4.3399999999999519 6.77034
4.3499999999999517 6.77034
4.3599999999999515 6.77034
4.3699999999999513 7.61288
4.379999999999951 7.61288
4.3899999999999508 7.61288
4.3999999999999506 7.61288
4.4099999999999504 7.61288
4.4199999999999502 7.61288
4.42999999999995 7.61288
4.4399999999999498 7.61288
4.4499999999999496 7.61288
4.4599999999999493 7.61288
4.4699999999999491 7.61288
4.4799999999999489 7.61288
4.4899999999999487 8.48916
4.4999999999999485 8.48916
4.5099999999999483 8.48916
4.5199999999999481 8.48916
4.5299999999999478 8.48916
4.5399999999999476 8.48916
4.5499999999999474 8.48916
4.5599999999999472 8.48916
4.569999999999947 8.48916
4.5799999999999468 8.48916
4.5899999999999466 8.48916
4.5999999999999464 8.48916
4.6099999999999461 9.38974
4.6199999999999459 9.38974
4.6299999999999457 9.38974
4.6399999999999455 9.38974
4.6499999999999453 9.38974
4.6599999999999451 9.38974
4.6699999999999449 9.38974
4.6799999999999446 9.38974
4.6899999999999444 9.38974
4.6999999999999442 9.38974
4.709999999999944 9.38974
4.7199999999999438 10.0116
4.7299999999999436 10.3083
4.7399999999999434 10.3083
4.7499999999999432 10.3083
4.7599999999999429 10.3083
4.7699999999999427 10.3083
4.7799999999999425 10.3083
4.7899999999999423 10.3083
4.7999999999999421 10.3083
4.8099999999999419 10.3083
4.8199999999999417 10.3083
4.8299999999999415 10.3083
4.8399999999999412 11.0604
4.849999999999941 11.2405
4.8599999999999408 11.2405
4.8699999999999406 11.2405
4.8799999999999404 11.2405
4.8899999999999402 11.2405
4.89999999999994 11.2405
4.9099999999999397 11.2405
4.9199999999999395 11.2405
4.9299999999999393 11.2405
4.9399999999999391 11.2405
4.9499999999999389 11.2405
4.9599999999999387 11.5053
4.9699999999999385 12.1831
4.9799999999999383 12.1831
4.989999999999938 12.1831
4.9999999999999378 12.1831
5.0099999999999376 12.1831
5.0199999999999374 12.1831
5.0299999999999372 12.1831
5.039999999999937 12.1831
5.0499999999999368 12.1831
5.0599999999999365 12.1831
5.0699999999999363 12.1831
5.0799999999999361 12.1831
5.0899999999999359 13.1341
5.0999999999999357 13.1341
5.1099999999999355 13.1341
5.1199999999999353 13.1341
5.1299999999999351 13.1341
5.1399999999999348 13.1341
5.1499999999999346 13.1341
5.1599999999999344 13.1341
5.1699999999999342 13.1341
5.179999999999934 13.1341
5.1899999999999338 13.1341
5.1999999999999336 13.1341
5.2099999999999334 13.1341
5.2199999999999331 14.0917
5.2299999999999329 14.0917
5.2399999999999327 14.0917
5.2499999999999325 14.0917
5.2599999999999323 14.0917
5.2699999999999321 14.0917
5.2799999999999319 14.0917
5.2899999999999316 14.0917
5.2999999999999314 14.0917
5.3099999999999312 14.0917
5.319999999999931 14.0917
5.3299999999999308 14.0917
5.3399999999999306 14.6497
5.3499999999999304 14.9209
5.3599999999999302 14.9209
5.3699999999999299 14.9209
5.3799999999999297 14.9209
5.3899999999999295 14.9209
5.3999999999999293 14.9209
5.4099999999999291 14.9209
5.4199999999999289 14.9209
5.4299999999999287 14.9209
5.4399999999999284 14.9209
5.4499999999999282 14.9209
5.459999999999928 7.46043
5.4699999999999278 7.46043
5.4799999999999276 7.46043
5.4899999999999274 7.46043
5.4999999999999272 7.46043
5.509999999999927 7.46043
5.5199999999999267 7.46043
5.5299999999999265 7.46043
5.5399999999999263 7.46043
5.5499999999999261 7.46043
5.5599999999999259 7.46043
5.5699999999999257 7.59447
5.5799999999999255 8.23148
5.5899999999999253 8.23148
5.599999999999925 8.23148
5.6099999999999248 8.23148
5.6199999999999246 8.23148
5.6299999999999244 8.23148
5.6399999999999242 8.23148
5.649999999999924 8.23148
5.6599999999999238 8.23148
5.6699999999999235 8.23148
5.6799999999999233 8.23148
5.6899999999999231 9.15776
5.6999999999999229 9.15776
5.7099999999999227 9.15776
5.7199999999999225 9.15776
5.7299999999999223 9.15776
5.7399999999999221 9.15776
5.7499999999999218 9.15776
5.7599999999999216 9.15776
5.7699999999999214 9.15776
5.7799999999999212 9.15776
5.789999999999921 9.15776
5.7999999999999208 9.15776
5.8099999999999206 10.0977
5.8199999999999203 10.0977
5.8299999999999201 10.0977
5.8399999999999199 10.0977
5.8499999999999197 10.0977
5.8599999999999195 10.0977
5.8699999999999193 10.0977
5.8799999999999191 10.0977
5.8899999999999189 10.0977
5.8999999999999186 10.0977
5.9099999999999184 10.0977
5.9199999999999182 10.3919
5.929999999999918 11.0478
5.9399999999999178 11.0478
5.9499999999999176 11.0478
5.9599999999999174 11.0478
5.9699999999999172 11.0478
5.9799999999999169 11.0478
5.9899999999999167 11.0478
5.9999999999999165 11.0478
6.0099999999999163 11.0478
6.0199999999999161 11.0478
6.0299999999999159 11.0478
6.0399999999999157 11.9218
6.0499999999999154 12.0057
6.0599999999999152 12.0057
6.069999999999915 12.0057
6.0799999999999148 12.0057
6.0899999999999146 12.0057
6.0999999999999144 12.0057
6.1099999999999142 12.0057
6.119999999999914 12.0057
6.1299999999999137 12.0057
6.1399999999999135 12.0057
6.1499999999999133 12.2539
6.1599999999999131 12.9697
6.1699999999999129 12.9697
6.1799999999999127 12.9697
6.1899999999999125 12.9697
6.1999999999999122 12.9697
6.209999999999912 12.9697
6.2199999999999118 12.9697
6.2299999999999116 12.9697
6.2399999999999114 12.9697
6.2499999999999112 12.9697
6.259999999999911 12.9697
6.2699999999999108 13.1997
6.2799999999999105 13.8665
6.2899999999999103 13.8665
6.2999999999999101 13.8665
6.3099999999999099 13.8665
6.3199999999999097 13.8665
6.3299999999999095 13.8665
6.3399999999999093 13.8665
6.3499999999999091 13.8665
6.3599999999999088 13.8665
6.3699999999999086 13.8665
6.3799999999999084 13.8665
6.3899999999999082 14.0818
6.399999999999908 14.7765
6.4099999999999078 14.7765
6.4199999999999076 14.7765
6.4299999999999073 14.7765
6.4399999999999071 14.7765
6.4499999999999069 14.7765
6.4599999999999067 14.7765
6.4699999999999065 14.7765
6.4799999999999063 14.7765
6.4899999999999061 14.7765
6.4999999999999059 14.7765
6.5099999999999056 14.7765
6.5199999999999054 14.9786
6.5299999999999052 7.65474
6.539999999999905 7.65474
6.5499999999999048 7.65474
6.5599999999999046 7.65474
6.5699999999999044 7.65474
6.5799999999999041 7.65474
6.5899999999999039 7.65474
6.5999999999999037 7.65474
6.6099999999999035 7.65474
6.6199999999999033 7.65474
6.6299999999999031 7.65474
6.6399999999999029 7.65474
6.6499999999999027 7.65474
6.6599999999999024 7.78538
6.6699999999999022 7.78538
6.679999999999902 7.78538
6.6899999999999018 7.78538
6.6999999999999016 7.78538
6.7099999999999014 7.78538
6.7199999999999012 7.78538
6.729999999999901 7.78538
6.7399999999999007 7.78538
6.7499999999999005 7.78538
6.7599999999999003 7.91383
6.7699999999999001 8.64393
6.7799999999998999 8.64393
6.7899999999998997 8.64393
6.7999999999998995 8.64393
6.8099999999998992 8.64393
6.819999999999899 8.64393
6.8299999999998988 8.64393
6.8399999999998986 8.64393
6.8499999999998984 8.64393
6.8599999999998982 8.64393
6.869999999999898 8.64393
6.8799999999998978 8.87378
6.8899999999998975 9.52973
6.8999999999998973 9.52973
6.9099999999998971 9.52973
6.9199999999998969 9.52973
6.9299999999998967 9.52973
6.9399999999998965 9.52973
6.9499999999998963 9.52973
6.959999999999896 9.52973
6.9699999999998958 9.52973
6.9799999999998956 9.52973
6.9899999999998954 9.52973
6.9999999999998952 10.4359
7.009999999999895 10.4359
7.0199999999998948 10.4359
7.0299999999998946 10.4359
7.0399999999998943 10.4359
7.0499999999998941 10.4359
7.0599999999998939 10.4359
7.0699999999998937 10.4359
7.0799999999998935 10.4359
7.0899999999998933 10.4359
7.0999999999998931 10.4359
7.1099999999998929 10.5317
7.1199999999998926 11.3575
7.1299999999998924 11.3575
7.1399999999998922 11.3575
7.149999999999892 11.3575
7.1599999999998918 11.3575
7.1699999999998916 11.3575
7.1799999999998914 11.3575
7.1899999999998911 11.3575
7.1999999999998909 11.3575
7.2099999999998907 11.3575
7.2199999999998905 11.3575
7.2299999999998903 12.1267
7.2399999999998901 12.2911
7.2499999999998899 12.2911
7.2599999999998897 12.2911
7.2699999999998894 12.2911
7.2799999999998892 12.2911
7.289999999999889 12.2911
7.2999999999998888 12.2911
7.3099999999998886 12.2911
7.3199999999998884 12.2911
7.3299999999998882 12.2911
7.3399999999998879 12.3725
7.3499999999998877 13.2343
7.3599999999998875 13.2343
7.3699999999998873 13.2343
7.3799999999998871 13.2343
7.3899999999998869 13.2343
7.3999999999998867 13.2343
7.4099999999998865 13.2343
7.4199999999998862 13.2343
7.429999999999886 13.2343
7.4399999999998858 13.2343
7.4499999999998856 13.2343
7.4599999999998854 13.6078
7.4699999999998852 14.185
7.479999999999885 14.185
7.4899999999998847 14.185
7.4999999999998845 14.185
7.5099999999998843 14.185
7.5199999999998841 14.185
7.5299999999998839 14.185
7.5399999999998837 14.185
7.5499999999998835 14.185
7.5599999999998833 14.185
7.569999999999883 14.185
7.5799999999998828 14.4649
7.5899999999998826 15.142
7.5999999999998824 15.142
7.6099999999998822 15.142
7.619999999999882 15.142
7.6299999999998818 15.142
7.6399999999998816 15.142
7.6499999999998813 15.142
7.6599999999998811 15.142
7.6699999999998809 15.142
7.6799999999998807 15.142
7.6899999999998805 15.142
7.6999999999998803 15.2081
7.7099999999998801 16.1041
7.7199999999998798 16.1041
7.7299999999998796 16.1041
7.7399999999998794 16.1041
7.7499999999998792 16.1041
7.759999999999879 16.1041
7.7699999999998788 16.1041
7.7799999999998786 16.1041
7.7899999999998784 16.1041
7.7999999999998781 16.1041
7.8099999999998779 16.1041
7.8199999999998777 16.1662
7.8299999999998775 8.3273
7.8399999999998773 8.3273
7.8499999999998771 8.3273
7.8599999999998769 8.3273
7.8699999999998766 8.3273
7.8799999999998764 8.3273
7.8899999999998762 8.3273
7.899999999999876 8.3273
7.9099999999998758 8.3273
7.9199999999998756 8.3273
7.9299999999998754 8.3273
7.9399999999998752 8.3273
7.9499999999998749 8.44739
7.9599999999998747 8.44739
7.9699999999998745 8.44739
7.9799999999998743 8.44739
7.9899999999998741 8.44739
7.9999999999998739 8.44739
8.0099999999998737 8.44739
8.0199999999998735 8.44739
8.0299999999998732 8.44739
8.039999999999873 8.44739
8.0499999999998728 8.44739
8.0599999999998726 9.02357
8.0699999999998724 9.35205
8.0799999999998722 9.35205
8.089999999999872 9.35205
8.0999999999998717 9.35205
8.1099999999998715 9.35205
8.1199999999998713 9.35205
8.1299999999998711 9.35205
8.1399999999998709 9.35205
8.1499999999998707 9.35205
8.1599999999998705 9.35205
8.1699999999998703 9.35205
8.17999999999987 10.274
8.1899999999998698 10.274
8.1999999999998696 10.274
8.2099999999998694 10.274
8.2199999999998692 10.274
8.229999999999869 10.274
8.2399999999998688 10.274
8.2499999999998685 10.274
8.2599999999998683 10.274
8.2699999999998681 10.274
8.2799999999998679 10.274
8.2899999999998677 10.274
8.2999999999998675 11.209
8.3099999999998673 11.209
8.3199999999998671 11.209
8.3299999999998668 11.209
8.3399999999998666 11.209
8.3499999999998664 11.209
8.3599999999998662 11.209
8.369999999999866 11.209
8.3799999999998658 11.209
8.3899999999998656 11.209
8.3999999999998654 11.209
8.4099999999998651 11.209
8.4199999999998649 12.1542
8.4299999999998647 12.1542
8.4399999999998645 12.1542
8.4499999999998643 12.1542
8.4599999999998641 12.1542
8.4699999999998639 12.1542
8.4799999999998636 12.1542
8.4899999999998634 12.1542
8.4999999999998632 12.1542
8.509999999999863 12.1542
8.5199999999998628 12.1542
8.5299999999998626 12.1542
8.5399999999998624 13.1072
8.5499999999998622 13.1072
8.5599999999998619 13.1072
8.5699999999998617 13.1072
8.5799999999998615 13.1072
8.5899999999998613 13.1072
8.5999999999998611 13.1072
8.6099999999998609 13.1072
8.6199999999998607 13.1072
8.6299999999998604 13.1072
8.6399999999998602 13.1072
8.64999999999986 13.1072
8.6599999999998598 14.0666
8.6699999999998596 14.0666
8.6799999999998594 14.0666
8.6899999999998592 14.0666
8.699999999999859 14.0666
8.7099999999998587 14.0666
8.7199999999998585 14.0666
8.7299999999998583 14.0666
8.7399999999998581 14.0666
8.7499999999998579 14.0666
8.7599999999998577 14.0666
8.7699999999998575 14.0666
8.7799999999998573 15.0312
8.789999999999857 15.0312
8.7999999999998568 15.0312
8.8099999999998566 15.0312
8.8199999999998564 15.0312
8.8299999999998562 15.0312
8.839999999999856 15.0312
8.8499999999998558 15.0312
8.8599999999998555 15.0312
8.8699999999998553 15.0312
8.8799999999998551 15.0312
8.8899999999998549 15.0312
8.8999999999998547 16
8.9099999999998545 16
8.9199999999998543 16
8.9299999999998541 16
8.9399999999998538 16
8.9499999999998536 16
8.9599999999998534 16
8.9699999999998532 16
8.979999999999853 16
8.9899999999998528 16
8.9999999999998526 16
9.0099999999998523 16.6144
9.0199999999998521 16.9132
9.0299999999998519 16.9132
9.0399999999998517 16.9132
9.0499999999998515 16.9132
9.0599999999998513 16.9132
9.0699999999998511 16.9132
9.0799999999998509 16.9132
9.0899999999998506 16.9132
9.0999999999998504 16.9132
9.1099999999998502 16.9132
9.11999999999985 16.9132
9.1299999999998498 17.8356
9.1399999999998496 17.8356
9.1499999999998494 17.8356
9.1599999999998492 17.8356
9.1699999999998489 17.8356
9.1799999999998487 17.8356
9.1899999999998485 17.8356
9.1999999999998483 17.8356
9.2099999999998481 17.8356
9.2199999999998479 17.8356
9.2299999999998477 17.8356
9.2399999999998474 18.0033
9.2499999999998472 18.7659
9.259999999999847 18.7659
9.2699999999998468 18.7659
9.2799999999998466 18.7659
9.2899999999998464 18.7659
9.2999999999998462 18.7659
9.309999999999846 18.7659
9.3199999999998457 18.7659
9.3299999999998455 18.7659
9.3399999999998453 18.7659
9.3499999999998451 18.7659
9.3599999999998449 19.1358
9.3699999999998447 19.703
9.3799999999998445 19.703
9.3899999999998442 19.703
9.399999999999844 19.703
9.4099999999998438 19.703
9.4199999999998436 19.703
9.4299999999998434 19.703
9.4399999999998432 19.703
9.449999999999843 19.703
9.4599999999998428 19.703
9.4699999999998425 19.703
9.4799999999998423 20.2543
9.4899999999998421 20.6459
9.4999999999998419 20.6459
9.5099999999998417 20.6459
9.5199999999998415 20.6459
9.5299999999998413 20.6459
9.5399999999998411 20.6459
9.5499999999998408 20.6459
9.5599999999998406 20.6459
9.5699999999998404 20.6459
9.5799999999998402 20.6459
9.58999999999984 20.6459
9.5999999999998398 20.7909
9.6099999999998396 21.594
9.6199999999998393 21.594
9.6299999999998391 21.594
9.6399999999998389 21.594
9.6499999999998387 21.594
9.6599999999998385 21.594
9.6699999999998383 21.594
9.6799999999998381 21.594
9.6899999999998379 21.594
9.6999999999998376 21.594
9.7099999999998374 21.594
9.7199999999998372 21.7326
9.729999999999837 22.5465
9.7399999999998368 22.5465
9.7499999999998366 22.5465
9.7599999999998364 22.5465
9.7699999999998361 22.5465
9.7799999999998359 22.5465
9.7899999999998357 22.5465
9.7999999999998355 22.5465
9.8099999999998353 22.5465
9.8199999999998351 22.5465
9.8299999999998349 22.5465
9.8399999999998347 23.1597
9.8499999999998344 23.5029
9.8599999999998342 23.5029
9.869999999999834 23.5029
9.8799999999998338 23.5029
9.8899999999998336 23.5029
9.8999999999998334 23.5029
9.9099999999998332 23.5029
9.919999999999833 23.5029
9.9299999999998327 23.5029
9.9399999999998325 23.5029
9.9499999999998323 23.5454
9.9599999999998321 24.4627
9.9699999999998319 24.4627
9.9799999999998317 24.4627
9.9899999999998315 24.4627
9.9999999999998312 24.4627
10.009999999999831 24.4627
10.019999999999831 24.4627
10.029999999999831 24.4627
10.03999999999983 24.4627
10.04999999999983 24.4627
10.05999999999983 24.4627
10.06999999999983 24.8685
10.07999999999983 25.4256
10.089999999999829 25.4256
10.099999999999829 25.4256
10.109999999999829 25.4256
10.119999999999829 25.4256
10.129999999999828 25.4256
10.139999999999828 25.4256
10.149999999999828 25.4256
10.159999999999828 25.4256
10.169999999999828 25.4256
10.179999999999827 25.4256
10.189999999999827 26.201
10.199999999999827 26.3913
10.209999999999827 26.3913
10.219999999999827 26.3913
10.229999999999826 26.3913
10.239999999999826 26.3913
10.249999999999826 26.3913
10.259999999999826 26.3913
10.269999999999825 26.3913
10.279999999999825 26.3913
10.289999999999825 26.3913
10.299999999999825 26.5048
10.309999999999825 27.3594
10.319999999999824 27.3594
10.329999999999824 27.3594
10.339999999999824 27.3594
10.349999999999824 27.3594
10.359999999999824 27.3594
10.369999999999823 27.3594
10.379999999999823 27.3594
10.389999999999823 27.3594
10.399999999999823 27.3594
10.409999999999823 27.3594
10.419999999999822 27.3594
10.429999999999822 13.9513
10.439999999999822 13.9513
10.449999999999822 13.9513
10.459999999999821 13.9513
10.469999999999821 13.9513
10.479999999999821 13.9513
10.489999999999821 13.9513
10.499999999999821 13.9513
10.50999999999982 13.9513
10.51999999999982 13.9513
10.52999999999982 13.9513
10.53999999999982 13.9513
10.54999999999982 13.9513
10.559999999999819 14.023
10.569999999999819 14.023
10.579999999999819 14.023
10.589999999999819 14.023
10.599999999999818 14.023
10.609999999999818 14.023
10.619999999999818 14.023
10.629999999999818 14.023
10.639999999999818 14.023
10.649999999999817 14.023
10.659999999999817 14.023
10.669999999999817 14.023
10.679999999999817 14.9904
10.689999999999817 14.9904
10.699999999999816 14.9904
10.709999999999816 14.9904
10.719999999999816 14.9904
10.729999999999816 14.9904
10.739999999999815 14.9904
10.749999999999815 14.9904
10.759999999999815 14.9904
10.769999999999815 14.9904
10.779999999999815 14.9904
10.789999999999814 15.516
10.799999999999814 15.8987
10.809999999999814 15.8987
10.819999999999814 15.8987
10.829999999999814 15.8987
10.839999999999813 15.8987
10.849999999999813 15.8987
10.859999999999813 15.8987
10.869999999999813 15.8987
10.879999999999812 15.8987
10.889999999999812 15.8987
10.899999999999812 15.8987
10.909999999999812 16.8174
10.919999999999812 16.8174
10.929999999999811 16.8174
10.939999999999811 16.8174
10.949999999999811 16.8174
10.959999999999811 16.8174
10.969999999999811 16.8174
10.97999999999981 16.8174
10.98999999999981 16.8174
10.99999999999981 16.8174
11.00999999999981 16.8174
11.01999999999981 17.1127
11.029999999999809 17.7449
11.039999999999809 17.7449
11.049999999999809 17.7449
11.059999999999809 17.7449
11.069999999999808 17.7449
11.079999999999808 17.7449
11.089999999999808 17.7449
11.099999999999808 17.7449
11.109999999999808 17.7449
11.119999999999807 17.7449
11.129999999999807 17.7449
11.139999999999807 18.626
11.149999999999807 18.6797
11.159999999999807 18.6797
11.169999999999806 18.6797
11.179999999999806 18.6797
11.189999999999806 18.6797
11.199999999999806 18.6797
11.209999999999805 18.6797
11.219999999999805 18.6797
11.229999999999805 18.6797
11.239999999999805 18.6797
11.249999999999805 18.7866
11.259999999999804 19.6209
11.269999999999804 19.6209
11.279999999999804 19.6209
11.289999999999804 19.6209
11.299999999999804 19.6209
11.309999999999803 19.6209
11.319999999999803 19.6209
11.329999999999803 19.6209
11.339999999999803 19.6209
11.349999999999802 19.6209
11.359999999999802 19.6209
11.369999999999802 19.6209
11.379999999999802 20.5676
11.389999999999802 20.5676
11.399999999999801 20.5676
11.409999999999801 20.5676
11.419999999999801 20.5676
11.429999999999801 20.5676
11.439999999999801 20.5676
11.4499999999998 20.5676
11.4599999999998 20.5676
11.4699999999998 20.5676
11.4799999999998 20.5676
11.489999999999799 20.5676
11.499999999999799 21.2382
11.509999999999799 21.5191
11.519999999999799 21.5191
11.529999999999799 21.5191
11.539999999999798 21.5191
11.549999999999798 21.5191
11.559999999999798 21.5191
11.569999999999798 21.5191
11.579999999999798 21.5191
11.589999999999797 21.5191
11.599999999999797 21.5191
11.609999999999797 21.5191
11.619999999999797 21.9338
11.629999999999797 11.0352
11.639999999999796 11.0352
11.649999999999796 11.0352
11.659999999999796 11.0352
11.669999999999796 11.0352
11.679999999999795 11.0352
11.689999999999795 11.0352
11.699999999999795 11.0352
11.709999999999795 11.0352
11.719999999999795 11.0352
11.729999999999794 11.0352
11.739999999999794 11.1258
11.749999999999794 11.1258
11.759999999999794 11.1258
11.769999999999794 11.1258
11.779999999999793 11.1258
11.789999999999793 11.1258
11.799999999999793 11.1258
11.809999999999793 11.1258
11.819999999999792 11.1258
11.829999999999792 11.1258
11.839999999999792 11.1258
11.849999999999792 11.2157
11.859999999999792 12.0775
11.869999999999791 12.0775
11.879999999999791 12.0775
11.889999999999791 12.0775
11.899999999999791 12.0775
11.909999999999791 12.0775
11.91999999999979 12.0775
11.92999999999979 12.0775
11.93999999999979 12.0775
11.94999999999979 12.0775
11.959999999999789 12.0775
11.969999999999789 12.8033
11.979999999999789 13.0362
11.989999999999789 13.0362
11.999999999999789 13.0362
12.009999999999788 13.0362
12.019999999999788 13.0362
12.029999999999788 13.0362
12.039999999999788 13.0362
12.049999999999788 13.0362
12.059999999999787 13.0362
12.069999999999787 13.0362
12.079999999999787 13.0362
12.089999999999787 14.0005
12.099999999999786 14.0005
12.109999999999786 14.0005
12.119999999999786 14.0005
12.129999999999786 14.0005
12.139999999999786 14.0005
12.149999999999785 14.0005
12.159999999999785 14.0005
12.169999999999785 14.0005
12.179999999999785 14.0005
12.189999999999785 14.0005
12.199999999999784 14.0005
12.209999999999784 14.9693
12.219999999999784 14.9693
12.229999999999784 14.9693
12.239999999999783 14.9693
12.249999999999783 14.9693
12.259999999999783 14.9693
12.269999999999783 14.9693
12.279999999999783 14.9693
12.289999999999782 14.9693
12.299999999999782 14.9693
12.309999999999782 14.9693
12.319999999999782 14.9693
12.329999999999782 15.6885
12.339999999999781 15.6885
12.349999999999781 15.6885
12.359999999999781 15.6885
12.369999999999781 15.6885
12.379999999999781 15.6885
12.38999999999978 15.6885
12.39999999999978 15.6885
12.40999999999978 15.6885
12.41999999999978 15.6885
12.429999999999779 15.6885
12.439999999999779 15.6885
12.449999999999779 15.6885
12.459999999999779 7.84423
12.469999999999779 7.84423
12.479999999999778 7.84423
12.489999999999778 7.84423
12.499999999999778 7.84423
12.509999999999778 7.84423
12.519999999999778 7.84423
12.529999999999777 7.84423
12.539999999999777 7.84423
12.549999999999777 7.84423
12.559999999999777 7.84423
12.569999999999776 7.84423
12.579999999999776 7.84423
12.589999999999776 8.69689
12.599999999999776 8.69689
12.609999999999776 8.69689
12.619999999999775 8.69689
12.629999999999775 8.69689
12.639999999999775 8.69689
12.649999999999775 8.69689
12.659999999999775 8.69689
12.669999999999774 8.69689
12.679999999999774 8.69689
12.689999999999774 8.69689
12.699999999999774 9.57773
12.709999999999773 9.57773
12.719999999999773 9.57773
12.729999999999773 9.57773
12.739999999999773 9.57773
12.749999999999773 9.57773
12.759999999999772 9.57773
12.769999999999772 9.57773
12.779999999999772 9.57773
12.789999999999772 9.57773
12.799999999999772 9.57773
12.809999999999771 9.57773
12.819999999999771 10.4797
12.829999999999771 10.4797
12.839999999999771 10.4797
12.84999999999977 10.4797
12.85999999999977 10.4797
12.86999999999977 10.4797
12.87999999999977 10.4797
12.88999999999977 10.4797
12.899999999999769 10.4797
12.909999999999769 10.4797
12.919999999999769 10.4797
12.929999999999769 11.0397
12.939999999999769 11.3977
12.949999999999768 11.3977
12.959999999999768 11.3977
12.969999999999768 11.3977
12.979999999999768 11.3977
12.989999999999768 11.3977
12.999999999999767 11.3977
13.009999999999767 11.3977
13.019999999999767 11.3977
13.029999999999767 11.3977
13.039999999999766 11.3977
13.049999999999766 12.3283
13.059999999999766 12.3283
13.069999999999766 12.3283
13.079999999999766 12.3283
13.089999999999765 12.3283
13.099999999999765 12.3283
13.109999999999765 12.3283
13.119999999999765 12.3283
13.129999999999765 12.3283
13.139999999999764 12.3283
13.149999999999764 12.3283
13.159999999999764 12.3283
13.169999999999764 13.2688
13.179999999999763 13.2688
13.189999999999763 13.2688
13.199999999999763 13.2688
13.209999999999763 13.2688
13.219999999999763 13.2688
13.229999999999762 13.2688
13.239999999999762 13.2688
13.249999999999762 13.2688
13.259999999999762 13.2688
13.269999999999762 13.2688
13.279999999999761 13.5677
13.289999999999761 14.2172
13.299999999999761 14.2172
13.309999999999761 14.2172
13.31999999999976 14.2172
13.32999999999976 14.2172
13.33999999999976 14.2172
13.34999999999976 14.2172
13.35999999999976 14.2172
13.369999999999759 14.2172
13.379999999999759 14.2172
13.389999999999759 14.2172
13.399999999999759 14.7705
13.409999999999759 15.1722
13.419999999999758 15.1722
13.429999999999758 15.1722
13.439999999999758 15.1722
13.449999999999758 15.1722
13.459999999999757 15.1722
13.469999999999757 15.1722
13.479999999999757 15.1722
13.489999999999757 15.1722
13.499999999999757 15.1722
13.509999999999756 15.1722
13.519999999999756 15.4341
13.529999999999756 16.1325
13.539999999999756 16.1325
13.549999999999756 16.1325
13.559999999999755 16.1325
13.569999999999755 16.1325
13.579999999999755 16.1325
13.589999999999755 16.1325
13.599999999999755 16.1325
13.609999999999754 16.1325
13.619999999999754 16.1325
13.629999999999754 16.1325
13.639999999999754 16.1325
13.649999999999753 17.0972
13.659999999999753 17.0972
13.669999999999753 17.0972
13.679999999999753 17.0972
13.689999999999753 17.0972
13.699999999999752 17.0972
13.709999999999752 17.0972
13.719999999999752 17.0972
13.729999999999752 17.0972
13.739999999999752 17.0972
13.749999999999751 17.0972
13.759999999999751 17.0972
13.769999999999751 18.0657
13.779999999999751 18.0657
13.78999999999975 18.0657
13.79999999999975 18.0657
13.80999999999975 18.0657
13.81999999999975 18.0657
13.82999999999975 18.0657
13.839999999999749 18.0657
13.849999999999749 18.0657
13.859999999999749 18.0657
13.869999999999749 18.0657
13.879999999999749 18.0657
13.889999999999748 19.0374
13.899999999999748 19.0374
13.909999999999748 19.0374
13.919999999999748 19.0374
13.929999999999747 19.0374
13.939999999999747 19.0374
13.949999999999747 19.0374
13.959999999999747 19.0374
13.969999999999747 19.0374
13.979999999999746 19.0374
13.989999999999746 19.0374
13.999999999999746 19.5563
14.009999999999746 20.0118
14.019999999999746 20.0118
14.029999999999745 20.0118
14.039999999999745 20.0118
14.049999999999745 20.0118
14.059999999999745 20.0118
14.069999999999744 20.0118
14.079999999999744 20.0118
14.089999999999744 20.0118
14.099999999999744 20.0118
14.109999999999744 20.0118
14.119999999999743 20.8929
14.129999999999743 20.9886
14.139999999999743 20.9886
14.149999999999743 20.9886
14.159999999999743 20.9886
14.169999999999742 20.9886
14.179999999999742 20.9886
14.189999999999742 20.9886
14.199999999999742 20.9886
14.209999999999742 20.9886
14.219999999999741 20.9886
14.229999999999741 21.0837
14.239999999999741 10.6834
14.249999999999741 10.6834
14.25999999999974 10.6834
14.26999999999974 10.6834
14.27999999999974 10.6834
14.28999999999974 10.6834
14.29999999999974 10.6834
14.309999999999739 10.6834
14.319999999999739 10.6834
14.329999999999739 10.6834
14.339999999999739 10.6834
14.349999999999739 10.6834
14.359999999999738 10.777
14.369999999999738 10.777
14.379999999999738 10.777
14.389999999999738 10.777
14.399999999999737 10.777
14.409999999999737 10.777
14.419999999999737 10.777
14.429999999999737 10.777
14.439999999999737 10.777
14.449999999999736 10.777
14.459999999999736 10.777
14.469999999999736 10.777
14.479999999999736 10.777
14.489999999999736 10.777
14.499999999999735 10.777
14.509999999999735 10.777
14.519999999999735 10.777
14.529999999999735 10.777
14.539999999999734 10.777
14.549999999999734 10.777
14.559999999999734 1
14.569999999999734 1
14.579999999999734 1
14.589999999999733 1
14.599999999999733 1
14.609999999999733 1
14.619999999999733 1
14.629999999999733 1
14.639999999999732 1
14.649999999999732 1
14.659999999999732 1
14.669999999999732 1
14.679999999999731 2
14.689999999999731 2
14.699999999999731 2
14.709999999999731 2
14.719999999999731 2
14.72999999999973 2
14.73999999999973 2
14.74999999999973 2
14.75999999999973 2
14.76999999999973 2
14.779999999999729 2
14.789999999999729 2
14.799999999999729 4
14.809999999999729 4
14.819999999999729 4
14.829999999999728 5.2
14.839999999999728 5.2
14.849999999999728 5.2
14.859999999999728 5.2
14.869999999999727 5.2
14.879999999999727 5.2
14.889999999999727 5.2
14.899999999999727 5.2
14.909999999999727 5.2
14.919999999999726 5.57776
14.929999999999726 5.57776
14.939999999999726 5.57776
14.949999999999726 6.09935
14.959999999999726 6.09935
14.969999999999725 6.09935
14.979999999999725 6.09935
14.989999999999725 6.09935
14.999999999999725 6.09935
15.009999999999724 6.09935
15.019999999999724 6.09935
15.029999999999724 6.42297
15.039999999999724 6.42297
15.049999999999724 6.42297
15.059999999999723 7.0246
15.069999999999723 7.0246
15.079999999999723 7.0246
15.089999999999723 7.0246
15.099999999999723 7.0246
15.109999999999722 7.0246
15.119999999999722 7.0246
15.129999999999722 7.0246
15.139999999999722 7.0246
15.149999999999721 7.30649
15.159999999999721 7.30649
15.169999999999721 7.30649
15.179999999999721 7.96694
15.189999999999721 7.96694
15.19999999999972 7.96694
15.20999999999972 7.96694
15.21999999999972 7.96694
15.22999999999972 7.96694
15.23999999999972 7.96694
15.249999999999719 7.96694
15.259999999999719 7.96694
15.269999999999719 7.96694
15.279999999999719 8.21603
15.289999999999718 8.21603
15.299999999999718 8.21603
15.309999999999718 8.80756
15.319999999999718 8.80756
15.329999999999718 8.80756
15.339999999999717 8.80756
15.349999999999717 8.80756
15.359999999999717 8.80756
15.369999999999717 8.80756
15.379999999999717 8.80756
15.389999999999716 8.80756
15.399999999999716 8.80756
15.409999999999716 9.14389
15.419999999999716 9.14389
15.429999999999715 9.14389
15.439999999999715 4.57195
15.449999999999715 4.57195
15.459999999999715 4.57195
15.469999999999715 4.57195
15.479999999999714 4.57195
15.489999999999714 4.57195
15.499999999999714 4.57195
15.509999999999714 4.57195
15.519999999999714 4.57195
15.529999999999713 4.57195
15.539999999999713 4.57195
15.549999999999713 4.57195
15.559999999999713 4.79067
15.569999999999713 4.79067
15.579999999999712 4.79067
15.589999999999712 4.79067
15.599999999999712 4.79067
15.609999999999712 4.79067
15.619999999999711 4.79067
15.629999999999711 4.79067
15.639999999999711 4.99941
15.649999999999711 4.99941
15.659999999999711 4.99941
15.66999999999971 4.99941
15.67999999999971 5.57723
15.68999999999971 5.57723
15.69999999999971 5.57723
15.70999999999971 5.57723
15.719999999999709 5.57723
15.729999999999709 5.57723
15.739999999999709 5.57723
15.749999999999709 5.57723
15.759999999999708 5.75653
15.769999999999708 5.75653
15.779999999999708 5.75653
15.789999999999708 6.42251
15.799999999999708 6.42251
15.809999999999707 6.42251
15.819999999999707 6.42251
15.829999999999707 6.42251
15.839999999999707 6.42251
15.849999999999707 6.42251
15.859999999999706 6.42251
15.869999999999706 6.57821
15.879999999999706 6.57821
15.889999999999706 6.57821
15.899999999999705 6.57821
15.909999999999705 7.30609
15.919999999999705 7.30609
15.929999999999705 7.30609
15.939999999999705 7.30609
15.949999999999704 7.30609
15.959999999999704 7.30609
15.969999999999704 7.30609
15.979999999999704 7.30609
15.989999999999704 7.44296
15.999999999999703 7.44296
16.009999999999703 7.44296
16.019999999999705 7.44296
16.029999999999706 8.21567
16.039999999999708 8.21567
16.049999999999709 8.21567
16.059999999999711 8.21567
16.069999999999713 8.21567
16.079999999999714 8.21567
16.089999999999716 8.21567
16.099999999999717 8.21567
16.109999999999719 8.33739
16.11999999999972 8.33739
16.129999999999722 8.33739
16.139999999999723 8.45733
16.149999999999725 9.14358
16.159999999999727 9.14358
16.169999999999728 9.14358
16.17999999999973 9.14358
16.189999999999731 9.14358
16.199999999999733 9.14358
16.209999999999734 9.14358
16.219999999999736 9.25294
16.229999999999738 9.25294
16.239999999999739 9.25294
16.249999999999741 9.25294
16.259999999999742 10.0848
16.269999999999744 10.0848
16.279999999999745 10.0848
16.289999999999747 10.0848
16.299999999999748 10.0848
16.30999999999975 10.0848
16.319999999999752 10.0848
16.329999999999753 10.0848
16.339999999999755 10.184
16.349999999999756 10.184
16.359999999999758 10.184
16.369999999999759 10.184
16.379999999999761 11.036
16.389999999999763 11.036
16.399999999999764 11.036
16.409999999999766 11.036
16.419999999999767 11.036
16.429999999999769 11.036
16.43999999999977 11.036
16.449999999999772 11.036
16.459999999999773 11.1266
16.469999999999775 11.1266
16.479999999999777 11.1266
16.489999999999778 11.1266
16.49999999999978 11.7412
16.509999999999781 11.9949
16.519999999999783 11.9949
16.529999999999784 11.9949
16.539999999999786 11.9949
16.549999999999788 11.9949
16.559999999999789 11.9949
16.569999999999791 11.9949
16.579999999999792 11.9949
16.589999999999794 12.0783
16.599999999999795 12.0783
16.609999999999797 12.0783
16.619999999999798 12.0783
16.6299999999998 6.12165
16.639999999999802 6.12165
16.649999999999803 6.12165
16.659999999999805 6.12165
16.669999999999806 6.12165
16.679999999999808 6.12165
16.689999999999809 6.12165
16.699999999999811 6.12165
16.709999999999813 6.12165
16.719999999999814 6.12165
16.729999999999816 6.12165
16.739999999999817 6.12165
16.749999999999819 6.285
16.75999999999982 6.285
16.769999999999822 6.285
16.779999999999824 6.285
16.789999999999825 6.285
16.799999999999827 6.285
16.809999999999828 6.285
16.81999999999983 6.285
16.829999999999831 6.44411
16.839999999999833 6.44411
16.849999999999834 6.44411
16.859999999999836 6.44411
16.869999999999838 7.18587
16.879999999999839 7.18587
16.889999999999841 7.18587
16.899999999999842 7.18587
16.909999999999844 7.18587
16.919999999999845 7.18587
16.929999999999847 7.18587
16.939999999999849 7.18587
16.94999999999985 7.32503
16.959999999999852 7.32503
16.969999999999853 7.32503
16.979999999999855 8.10917
16.989999999999856 8.10917
16.999999999999858 8.10917
17.009999999999859 8.10917
17.019999999999861 8.10917
17.029999999999863 8.10917
17.039999999999864 8.10917
17.049999999999866 8.10917
17.059999999999867 8.23249
17.069999999999869 8.23249
17.07999999999987 8.23249
17.089999999999872 8.23249
17.099999999999874 9.04815
17.109999999999875 9.04815
17.119999999999877 9.04815
17.129999999999878 9.04815
17.13999999999988 9.04815
17.149999999999881 9.04815
17.159999999999883 9.04815
17.169999999999884 9.04815
17.179999999999886 9.15867
17.189999999999888 9.15867
17.199999999999889 9.15867
17.209999999999891 9.48241
17.219999999999892 9.99847
17.229999999999894 9.99847
17.239999999999895 9.99847
17.249999999999897 9.99847
17.259999999999899 9.99847
17.2699999999999 9.99847
17.279999999999902 9.99847
17.289999999999903 10.0985
17.299999999999905 10.0985
17.309999999999906 10.0985
17.319999999999908 10.0985
17.329999999999909 10.8652
17.339999999999911 10.8652
17.349999999999913 10.8652
17.359999999999914 10.8652
17.369999999999916 10.8652
17.379999999999917 10.8652
17.389999999999919 10.8652
17.39999999999992 10.8652
17.409999999999922 11.0485
17.419999999999924 11.0485
17.429999999999925 11.0485
17.439999999999927 11.0485
17.449999999999928 11.7529
17.45999999999993 11.7529
17.469999999999931 11.7529
17.479999999999933 11.7529
17.489999999999934 11.7529
17.499999999999936 11.7529
17.509999999999938 11.7529
17.519999999999939 11.7529
17.529999999999941 12.0064
17.539999999999942 12.0064
17.549999999999944 12.0064
17.559999999999945 12.0064
17.569999999999947 12.6573
17.579999999999949 12.6573
17.58999999999995 12.6573
17.599999999999952 12.6573
17.609999999999953 12.6573
17.619999999999955 12.6573
17.629999999999956 12.6573
17.639999999999958 12.6573
17.649999999999959 12.9704
17.659999999999961 12.9704
17.669999999999963 12.9704
17.679999999999964 12.9704
17.689999999999966 13.5748
17.699999999999967 13.5748
17.709999999999969 13.5748
17.71999999999997 13.5748
17.729999999999972 13.5748
17.739999999999974 13.5748
17.749999999999975 13.5748
17.759999999999977 13.7218
17.769999999999978 13.8671
17.77999999999998 13.8671
17.789999999999981 13.8671
17.799999999999983 13.8671
17.809999999999985 14.5032
17.819999999999986 14.5032
17.829999999999988 14.5032
17.839999999999989 14.5032
17.849999999999991 14.5032
17.859999999999992 14.5032
17.869999999999994 14.5032
17.879999999999995 14.5032
17.889999999999997 14.7771
17.899999999999999 14.7771
17.91 14.7771
17.920000000000002 15.2444
17.930000000000003 15.4404
17.940000000000005 15.4404
17.950000000000006 15.4404
17.960000000000008 15.4404
17.97000000000001 15.4404
17.980000000000011 15.4404
17.990000000000013 15.4404
18.000000000000014 15.6978
18.010000000000016 15.6978
18.020000000000017 15.6978
18.030000000000019 15.6978
18.04000000000002 16.3849
18.050000000000022 16.3849
18.060000000000024 16.3849
18.070000000000025 16.3849
18.080000000000027 16.3849
18.090000000000028 16.3849
18.10000000000003 16.3849
18.110000000000031 16.3849
18.120000000000033 16.6277
18.130000000000035 16.6277
18.140000000000036 16.6277
18.150000000000038 16.6277
18.160000000000039 17.3356
18.170000000000041 17.3356
18.180000000000042 17.3356
18.190000000000044 17.3356
18.200000000000045 17.3356
18.210000000000047 17.3356
18.220000000000049 17.3356
18.23000000000005 17.3356
18.240000000000052 17.5652
18.250000000000053 17.5652
18.260000000000055 17.5652
18.270000000000056 17.5652
18.280000000000058 18.2914
18.29000000000006 18.2914
18.300000000000061 18.2914
18.310000000000063 18.2914
18.320000000000064 18.2914
18.330000000000066 18.2914
18.340000000000067 18.2914
18.350000000000069 18.2914
18.36000000000007 18.5091
18.370000000000072 18.5091
18.380000000000074 18.5091
18.390000000000075 18.5091
18.400000000000077 19.2517
18.410000000000078 19.2517
18.42000000000008 19.2517
18.430000000000081 19.2517
18.440000000000083 19.2517
18.450000000000085 19.2517
18.460000000000086 19.2517
18.470000000000088 19.2517
18.480000000000089 19.2517
18.490000000000091 19.4586
18.500000000000092 19.4586
18.510000000000094 19.4586
18.520000000000095 19.4586
18.530000000000097 20.2157
18.540000000000099 20.2157
18.5500000000001 20.2157
18.560000000000102 20.2157
18.570000000000103 20.2157
18.580000000000105 20.2157
18.590000000000106 20.2157
18.600000000000108 20.2157
18.61000000000011 20.4129
18.620000000000111 20.4129
18.630000000000113 20.4129
18.640000000000114 20.4129
18.650000000000116 21.1831
18.660000000000117 21.1831
18.670000000000119 21.1831
18.680000000000121 21.1831
18.690000000000122 21.1831
18.700000000000124 21.1831
18.710000000000125 21.1831
18.720000000000127 21.1831
18.730000000000128 21.3713
18.74000000000013 21.3713
18.750000000000131 21.3713
18.760000000000133 21.4181
18.770000000000135 22.1533
18.780000000000136 22.1533
18.790000000000138 22.1533
18.800000000000139 22.1533
18.810000000000141 22.1533
18.820000000000142 22.1533
18.830000000000144 22.1533
18.840000000000146 22.2434
18.850000000000147 22.3333
18.860000000000149 22.3333
18.87000000000015 22.3333
18.880000000000152 22.7771
18.890000000000153 23.126
18.900000000000155 23.126
18.910000000000156 23.126
18.920000000000158 23.126
18.93000000000016 23.126
18.940000000000161 23.126
18.950000000000163 23.126
18.960000000000164 23.2984
18.970000000000166 23.2984
18.980000000000167 23.2984
18.990000000000169 23.2984
19.000000000000171 24.1009
19.010000000000172 24.1009
19.020000000000174 24.1009
19.030000000000175 24.1009
19.040000000000177 24.1009
19.050000000000178 24.1009
19.06000000000018 24.1009
19.070000000000181 24.1009
19.080000000000183 24.2664
19.090000000000185 24.2664
19.100000000000186 24.2664
19.110000000000188 24.4308
19.120000000000189 25.0777
19.130000000000191 25.0777
19.140000000000192 25.0777
19.150000000000194 25.0777
19.160000000000196 25.0777
19.170000000000197 25.0777
19.180000000000199 25.0777
19.1900000000002 25.1971
19.200000000000202 25.2368
19.210000000000203 25.2368
19.220000000000205 25.2368
19.230000000000206 25.786
19.240000000000208 26.0563
19.25000000000021 26.0563
19.260000000000211 26.0563
19.270000000000213 26.0563
19.280000000000214 26.0563
19.290000000000216 26.0563
19.300000000000217 26.0563
19.310000000000219 26.2094
19.320000000000221 26.2094
19.330000000000222 26.2094
19.340000000000224 26.2094
19.350000000000225 27.0364
19.360000000000227 27.0364
19.370000000000228 27.0364
19.38000000000023 27.0364
19.390000000000231 27.0364
19.400000000000233 27.0364
19.410000000000235 27.0364
19.420000000000236 27.0364
19.430000000000238 27.184
19.440000000000239 27.184
19.450000000000241 27.184
19.460000000000242 27.3309
19.470000000000244 28.0179
19.480000000000246 28.0179
19.490000000000247 28.0179
19.500000000000249 28.0179
19.51000000000025 28.0179
19.520000000000252 28.0179
19.530000000000253 28.0179
19.540000000000255 28.0179
19.550000000000257 28.1604
19.560000000000258 28.1604
19.57000000000026 28.1604
19.580000000000261 28.5836
19.590000000000263 29.0006
19.600000000000264 29.0006
19.610000000000266 29.0006
19.620000000000267 29.0006
19.630000000000269 29.0006
19.640000000000271 29.0006
19.650000000000272 29.0006
19.660000000000274 29.0006
19.670000000000275 29.1383
19.680000000000277 29.1383
19.690000000000278 29.1383
19.70000000000028 29.4117
19.710000000000282 29.9845
19.720000000000283 29.9845
19.730000000000285 29.9845
19.740000000000286 29.9845
19.750000000000288 29.9845
19.760000000000289 29.9845
19.770000000000291 29.9845
19.780000000000292 29.9845
19.790000000000294 29.9845
19.800000000000296 30.1177
19.810000000000297 30.1177
19.820000000000299 30.1177
19.8300000000003 30.7098
19.840000000000302 30.9371
19.850000000000303 30.9371
19.860000000000305 30.9371
19.870000000000307 30.9371
19.880000000000308 30.9371
19.89000000000031 30.9371
19.900000000000311 30.9371
19.910000000000313 30.9371
19.920000000000314 31.0017
19.930000000000316 31.0017
19.940000000000317 31.0017
19.950000000000319 15.5008
19.960000000000321 15.5008
19.970000000000322 15.5008
19.980000000000324 15.5008
19.990000000000325 15.5008
